# Created by Octave 4.0.2, Wed Jun 01 10:28:22 2016 CDT <esau@Maia>
# name: arg_list
# type: cell
# rows: 1
# columns: 1
# name: <cell-element>
# type: sq_string
# elements: 1
# length: 13
test/0/n0.gif





# name: m
# type: uint8 matrix
# ndims: 2
 28 28
 0
 19
 31
 44
 4
 44
 53
 17
 25
 30
 0
 54
 22
 22
 54
 17
 44
 26
 3
 1
 30
 45
 44
 54
 46
 5
 5
 55
 1
 20
 20
 19
 24
 32
 24
 15
 46
 15
 45
 5
 55
 30
 64
 14
 43
 23
 44
 94
 0
 19
 46
 18
 64
 41
 20
 64
 2
 21
 32
 1
 0
 29
 30
 3
 16
 16
 77
 45
 54
 43
 64
 0
 0
 32
 64
 53
 15
 46
 23
 4
 17
 19
 41
 21
 3
 22
 32
 4
 5
 30
 32
 32
 15
 26
 1
 24
 0
 14
 14
 4
 20
 14
 18
 4
 54
 32
 1
 82
 21
 0
 16
 82
 4
 23
 17
 45
 55
 30
 62
 41
 12
 41
 5
 3
 54
 44
 26
 15
 61
 29
 24
 55
 15
 43
 77
 30
 24
 5
 54
 30
 5
 24
 14
 46
 56
 2
 41
 25
 23
 0
 30
 53
 29
 44
 24
 2
 20
 54
 43
 82
 45
 30
 26
 23
 30
 4
 64
 0
 6
 11
 33
 25
 25
 34
 6
 6
 9
 57
 6
 13
 13
 47
 78
 68
 90
 35
 33
 90
 68
 86
 11
 93
 93
 13
 10
 34
 7
 9
 6
 9
 9
 57
 7
 57
 10
 71
 78
 68
 35
 72
 46
 26
 18
 15
 18
 15
 15
 24
 44
 27
 12
 78
 11
 47
 8
 8
 6
 6
 57
 34
 11
 68
 72
 26
 24
 29
 41
 55
 87
 40
 66
 67
 60
 70
 81
 65
 61
 17
 16
 27
 68
 42
 9
 9
 9
 47
 58
 35
 44
 29
 43
 74
 63
 75
 83
 84
 52
 51
 51
 92
 89
 75
 89
 95
 92
 83
 50
 43
 18
 68
 8
 9
 34
 35
 45
 64
 67
 69
 69
 75
 50
 70
 36
 85
 88
 62
 31
 62
 56
 31
 56
 73
 36
 75
 83
 83
 77
 3
 8
 10
 35
 32
 59
 50
 39
 70
 73
 64
 41
 29
 14
 30
 18
 26
 45
 4
 44
 44
 54
 24
 29
 74
 49
 95
 63
 20
 6
 25
 14
 48
 38
 65
 19
 53
 15
 44
 72
 22
 25
 86
 42
 42
 34
 93
 10
 71
 71
 11
 72
 0
 37
 95
 52
 5
 10
 26
 36
 49
 60
 5
 4
 68
 11
 76
 13
 6
 57
 8
 6
 9
 9
 57
 6
 76
 13
 13
 79
 5
 66
 91
 50
 29
 11
 23
 37
 39
 61
 4
 11
 6
 57
 57
 6
 6
 6
 57
 57
 9
 13
 10
 6
 13
 76
 79
 35
 1
 38
 91
 48
 18
 12
 17
 38
 50
 56
 33
 6
 6
 6
 13
 6
 57
 6
 6
 76
 76
 47
 71
 42
 68
 25
 72
 14
 74
 89
 83
 21
 46
 12
 0
 39
 51
 62
 44
 42
 71
 71
 71
 79
 42
 42
 86
 58
 12
 35
 27
 26
 30
 29
 82
 48
 80
 80
 85
 15
 12
 11
 5
 40
 52
 63
 64
 5
 15
 26
 54
 26
 15
 29
 32
 0
 82
 55
 59
 70
 49
 91
 52
 75
 66
 77
 26
 33
 71
 13
 27
 41
 48
 49
 50
 50
 37
 70
 66
 67
 81
 49
 69
 69
 89
 91
 51
 80
 39
 48
 94
 41
 29
 46
 12
 47
 34
 7
 11
 4
 19
 62
 66
 38
 50
 69
 69
 80
 49
 49
 80
 37
 70
 36
 61
 21
 41
 29
 15
 4
 25
 11
 76
 76
 34
 9
 28
 42
 2
 45
 14
 0
 23
 41
 77
 64
 82
 82
 23
 19
 29
 14
 15
 54
 72
 22
 58
 11
 10
 57
 10
 34
 47
 14
 15
 16
 53
 26
 24
 2
 30
 30
 15
 1
 20
 17
 2
 19
 32
 3
 82
 44
 20
 30
 0
 30
 31
 15
 72
 1
 15
 15
 20
 31
 19
 26
 4
 46
 20
 30
 26
 44
 14
 20
 15
 0
 23
 44
 53
 41
 20
 20
 46
 35
 46
 15
 29
 5
 14
 16
 1
 43
 23
 2
 4
 23
 3
 20
 4
 20
 20
 43
 24
 4
 54
 88
 27
 32
 20
 53
 2
 54
 24
 43
 17
 53
 5
 17
 29
 32
 16
 53
 12
 5
 14
 25
 43
 46
 5
 24
 21
 16
 5
 20
 77
 45
 29
 54
 72
 3
 3
 24
 24
 62
 15
 14
 30
 5
 2
 23
 53
 44
 26
 53
 20
 54
 54
 30
 43
 53
 32
 24
 17
 32
 30
 18
 4
 54
 77
 0
 27
 27
 17
 14
 27
 33
 54
 32
 24
 14
 0
 20
 22
 16
 45
 20
 26
 0
 30
 15
 3
 29
 29
 26
 53
 14
 53
 19
 46
 72
 53
 18
 16
 0
 27
 22
 16
 0
 43
 27
 41
 23
 23
 46
 32
 16
 53
 14
 41
 14
 1
 16
 19
 87
 18
 30
 32
 72
 23


